100 2367,516300 2743,401600 2423,386700 2339,442200 2044,244700 2259,265000 2530,313600 2437,274200 2271,282200 2573,221500 2718,272000 2580,391000 2301,328900 2692,209600 2471,155000 2551,60700 2364,64700 2508,70800 2584,73200 2176,51800 2320,59200 2509,45000 2584,48500 2605,47000 2380,45700 2588,48600 2771,71700 2813,49000 2658,54500 2357,45800 2452,51000 2369,75500 2452,100600 2434,195800 2486,245300 2305,224300 2290,83300 2337,63800 2451,69000 2473,67600 
200 9892,260300 10542,225400 10278,281800 9246,220000 9415,229500 9344,220100 9512,280200 9215,221300 9128,218000 10569,270600 10073,278000 9426,263900 10993,231700 10828,222900 9519,251600 8802,212400 9079,215000 10108,251300 10209,259400 9305,330000 10383,221600 9123,204800 9460,210800 10320,234100 9662,273000 10076,223800 9852,319700 9478,272000 9275,262900 10156,357100 10319,239900 9290,256100 9843,274300 9897,177100 10181,146100 10338,153000 10244,180700 10069,198300 9719,268300 9649,324600 
300 21840,573800 23457,583400 21082,602900 23504,313300 22708,311400 21366,288600 21479,358200 22713,375900 23288,543300 21685,436900 22718,451200 22163,407400 22337,314600 23730,189500 23219,183500 24855,184700 21603,188400 22437,220600 21998,226500 22678,192400 21745,201700 24182,326200 23000,268500 23198,429400 22261,274700 21743,181100 22247,183600 23296,178200 22047,183500 21695,181400 21261,180200 23887,181400 21944,179200 22939,201500 22144,223100 21579,180600 22512,242200 22737,297100 21880,218800 21920,212000 
400 36870,326400 40024,315100 40037,231500 42183,274500 42692,313800 39938,299500 38983,314000 37072,441400 38347,296500 39629,275600 38487,279800 38034,312700 39188,384200 39534,201800 39095,238400 41657,213700 38993,208800 39350,243700 41497,242000 42699,239500 38623,228700 38068,245800 41533,234100 39989,222200 40891,298600 41220,268300 37816,269700 39726,399300 36814,242500 39888,255300 37258,249400 40673,207700 39747,186600 38904,228100 38015,191000 41137,206300 38558,204700 39216,253600 39361,218400 41595,250000 
500 64710,283200 64187,289700 61786,265700 61004,274300 59939,261000 62519,273300 60605,294600 61570,275800 62874,270400 60996,282700 61258,364400 61164,285800 63677,277200 61882,347700 67000,295000 57827,440300 59328,330100 62988,431300 61218,402500 63865,367200 60536,613100 57848,375800 60350,459300 61201,317100 62758,304300 64549,368100 61414,423300 64600,349600 61296,442000 64272,388700 62408,399500 61143,577600 60203,496800 61633,499100 62225,542300 65845,520800 60411,462000 59928,441500 62601,447700 63314,545100 
600 91657,665600 94148,678300 90062,664000 91792,661300 96066,604600 91939,486800 88938,480600 85359,466000 90048,521100 86698,483600 91019,886400 88368,653200 87013,674200 87971,511800 87295,818200 92183,505600 89470,448800 90707,558900 91589,423000 90664,394100 86148,382100 89758,622400 95322,484600 90669,450900 87539,387700 93216,472500 88740,443700 87538,455400 86135,421300 86852,425100 92038,439300 90077,579100 91166,499900 88105,430300 90449,488800 92887,407700 92209,403200 92964,402100 89631,479000 89858,1001000 
700 123809,721600 120477,514600 121808,489400 119677,554600 119327,553500 119907,626500 121126,685900 117590,725400 117301,709300 124352,704700 115983,663200 123062,669200 121761,667700 121698,669900 127519,669800 124101,758600 124952,749500 123401,659500 124685,601600 117175,540200 113647,514100 124624,534000 129944,518900 121026,657400 124979,717100 119883,687800 125460,665900 120012,742000 126653,672300 121445,737900 122478,1011100 121408,495600 123835,461900 126880,453800 122703,445500 116151,444300 121371,467800 124091,457300 122462,461200 121468,511000 
800 157449,654700 161920,654900 156796,630900 156048,658800 154954,581800 161999,570200 164213,721200 158286,571400 161404,577300 161143,758000 159126,611600 161099,722500 162150,942500 160841,746300 163073,868900 162037,1042400 159586,1336300 145891,1538200 155123,1557100 151952,1607400 161725,979100 158137,657700 165233,801900 158948,710300 153682,1484700 161508,1653000 159860,1578900 162980,6307200 165743,1306700 154178,1466100 160503,1417000 156753,1510300 162276,1405700 164827,1382600 160714,816500 156232,833600 157316,782300 166584,693900 154268,669600 165083,717000 
900 194613,1171800 203363,1122500 201618,1111300 196481,1111700 204767,893000 198769,1032800 198689,950700 200159,920200 209383,1109300 197286,779000 198286,833000 196328,857000 205502,902100 207850,883200 198389,855100 196002,784400 196752,873000 200914,1026100 198861,695300 195904,690300 200262,747200 204568,668800 198884,667200 205819,747600 199535,684000 191261,672500 204829,885900 203082,728900 208892,963300 204199,776100 202271,768300 204699,848000 193094,1497700 206530,1897500 201934,1908600 187486,1686800 196613,1008800 204286,1443800 202395,1225000 208760,1518400 
1000 252056,1284600 250130,1745000 245638,2606600 252333,2856500 248173,2701100 239515,2190100 245607,1746800 249251,2241500 252479,863200 254195,837300 255824,1179600 249203,983000 245548,1285200 256758,1202100 252564,1031300 253152,919000 249345,839700 245948,837100 249585,1138000 240804,900700 242729,903200 246786,968600 241413,1596000 256425,1279800 253461,1560900 251327,1666300 242397,1382900 260494,1031000 236118,1103100 253536,1336000 246940,988500 248227,1181000 256016,1337800 250383,1212800 249747,1189300 247119,1175800 241760,859100 256365,920100 250077,944400 254428,1082800 
1100 295567,1554900 303342,1301300 286914,1045000 297400,1141300 302305,1059700 296899,1287700 308722,1340600 300200,1188500 311461,1174800 306364,1241200 299778,1184600 302668,1203700 304086,1121500 301497,1075200 302443,1147300 302649,1140400 303211,1067200 306572,1042800 292341,1815900 301101,1955000 299240,2109300 299799,2167100 299388,1958000 306023,3439100 308295,3077600 289559,1942900 291618,1311700 318800,1215900 297153,1592700 304959,1630500 295018,2228000 306464,2236100 307303,2362400 299417,1780400 310379,1744400 309087,1573400 295835,1342400 306649,1406900 302316,1696400 305377,1547600 
1200 356486,1649400 351883,1627000 368816,1824300 356485,1524300 360345,1594300 365875,1605100 367623,2033600 360889,1629300 358875,1456000 353996,1611200 350937,1439600 364087,1867200 350465,1744600 356907,3021900 363464,3331200 364397,3844900 359646,2687000 355967,2107800 354855,2218300 359623,2217400 355369,2320000 365227,1924500 367752,1766100 360749,5176500 367430,1865000 357796,2336000 358231,1811700 354127,1453800 358309,1727600 367087,1606900 358021,1420400 351199,1843400 362504,1612100 345167,1568900 357127,1487100 360010,1402600 355241,1502700 351644,1494500 363637,1380800 349631,1381500 

100 539,126000 543,95800 540,108100 540,80800 544,27700 548,31800 553,23900 538,24300 545,44600 545,21600 544,35100 552,58900 544,35000 536,13400 543,17300 539,14600 531,13000 536,13900 529,13100 531,14300 551,18000 542,13400 546,14700 536,12900 544,13000 534,14000 539,24000 533,14000 544,19700 538,13000 543,16100 536,27400 543,44400 543,56900 545,54800 548,29800 537,34800 552,17900 541,19800 544,19100 
200 1275,72300 1270,43700 1288,95600 1270,42000 1280,41700 1277,41100 1271,74000 1288,42700 1273,40900 1274,40600 1292,52100 1267,58200 1293,46200 1281,37400 1292,38300 1283,39900 1279,38000 1258,39100 1281,37200 1285,73300 1264,43200 1282,41600 1295,39700 1267,58700 1273,49300 1296,42300 1274,69200 1288,43400 1264,45100 1290,64100 1280,50000 1290,64400 1270,55900 1272,31200 1289,27700 1282,46500 1288,36000 1284,40800 1289,44100 1285,59400 
300 2100,90600 2090,70500 2100,64800 2093,55200 2096,52200 2093,42700 2103,51200 2089,32800 2081,103300 2116,39700 2107,42000 2101,46000 2094,28300 2082,26900 2096,26800 2081,27100 2117,30300 2089,27600 2095,30200 2088,27300 2088,29600 2109,57500 2101,35000 2106,44500 2101,78300 2096,25600 2096,26100 2091,26000 2084,25100 2098,27800 2087,27000 2112,25600 2108,26900 2099,27400 2092,33200 2088,26800 2094,39500 2093,38400 2103,32000 2084,35200 
400 2976,44800 2964,52400 2965,58500 2950,68300 2949,116000 2962,81900 2956,99300 2954,100100 2959,60800 2972,74200 2978,58500 2954,88800 2970,137800 2975,40800 2961,46900 2967,39300 2969,41300 2958,64500 2975,47600 2964,39600 2969,41800 2957,50300 2957,54600 2955,52400 2945,91700 2956,70000 2960,53200 2962,102700 2957,52500 2963,40200 2968,36700 2957,35500 2960,35000 2965,35600 2953,35200 2955,34900 2973,34800 2961,66300 2981,55200 2960,38900 
500 3832,53900 3853,46800 3852,43500 3840,47900 3841,42400 3850,43600 3827,44700 3858,43600 3860,43800 3832,46400 3860,43800 3857,44100 3872,42800 3852,49500 3869,50700 3866,105700 3858,60300 3850,166400 3865,99600 3841,90700 3848,106300 3845,84300 3853,96400 3849,50500 3857,54100 3849,72900 3849,80200 3856,79200 3860,78000 3850,62200 3851,65800 3843,118800 3875,114600 3854,97800 3878,128800 3852,129300 3847,74700 3840,87000 3870,120700 3850,95900 
600 4799,116300 4787,114400 4792,116100 4779,124600 4776,81500 4785,82200 4768,81400 4791,89300 4767,91200 4786,87800 4803,239800 4782,121400 4782,112900 4801,103800 4764,330900 4828,77400 4784,69100 4796,134100 4770,73100 4777,55400 4789,55100 4797,281900 4796,58600 4782,56600 4796,53500 4782,81900 4810,84500 4798,56200 4794,74000 4790,53100 4831,93500 4778,124200 4806,111400 4807,73300 4807,60500 4779,74600 4792,54500 4804,66600 4799,143000 4766,87600 
700 5774,106900 5740,69600 5755,67900 5753,83100 5787,88900 5766,100200 5764,98300 5744,129100 5745,99600 5758,87400 5738,85100 5771,81900 5737,83400 5712,82400 5765,85300 5776,125800 5749,114300 5750,84200 5745,69600 5770,87100 5753,66600 5757,66800 5751,67400 5760,86300 5741,199100 5751,137600 5758,107500 5767,152700 5785,127400 5755,151700 5751,113200 5763,58700 5780,60500 5769,57900 5738,56700 5746,61400 5753,62000 5747,59300 5762,60400 5757,70000 
800 6726,108000 6743,96700 6743,94900 6731,73700 6742,74900 6716,67500 6710,67500 6738,69100 6695,69700 6720,79100 6711,81900 6709,141600 6679,218700 6745,122800 6679,163800 6720,215500 6713,120900 6715,204200 6723,198400 6719,252100 6733,87100 6724,75100 6710,176000 6757,84800 6721,207900 6708,249700 6740,122400 6728,5501500 6712,146000 6719,167900 6719,163400 6742,241000 6745,149100 6696,154200 6707,149700 6730,107900 6701,121900 6705,88400 6743,81300 6691,112900 
900 7698,147100 7721,131200 7700,133900 7714,133500 7728,112100 7719,190700 7684,118400 7702,69900 7729,77400 7720,74700 7715,110200 7670,161600 7698,122300 7735,114700 7706,113800 7701,110200 7710,134300 7707,273100 7704,77500 7724,72800 7725,59600 7710,59700 7699,59600 7721,62300 7695,60200 7719,60000 7717,79700 7714,61000 7695,107700 7702,66600 7705,113900 7717,106800 7714,169300 7717,194600 7688,239300 7718,87800 7740,152100 7714,172900 7706,74600 7718,180700 
1000 8675,131900 8750,210300 8727,191300 8699,268200 8714,217900 8708,174400 8691,143800 8729,124200 8711,115500 8686,92500 8713,177900 8689,126900 8734,149100 8708,166500 8741,89600 8712,91400 8695,92600 8730,100000 8692,116400 8721,99300 8684,99600 8732,159000 8696,184700 8729,101700 8711,112500 8708,200200 8675,131300 8718,134700 8695,99900 8701,132200 8683,72600 8730,113500 8731,111000 8720,135700 8679,105200 8676,69400 8713,74000 8705,157100 8706,81400 8725,111600 
1100 9733,134700 9784,154100 9730,83100 9730,149700 9760,91000 9729,76200 9741,114000 9757,89000 9733,121300 9751,121700 9727,112800 9740,185700 9705,112000 9691,116600 9744,82000 9727,86600 9717,84200 9720,84200 9742,143100 9772,224600 9745,292500 9738,189500 9709,268800 9734,426900 9729,280600 9745,152500 9743,140200 9762,155500 9752,202300 9721,129900 9723,232000 9737,244900 9720,183800 9708,147500 9726,226200 9740,91100 9751,181500 9743,103000 9738,155100 9745,104300 
1200 10746,164500 10750,139400 10815,158000 10793,186400 10785,356300 10808,185400 10810,140400 10815,278000 10817,150500 10746,155100 10793,186900 10777,218300 10768,181300 10813,236700 10805,351500 10761,361400 10775,342800 10786,262900 10762,161900 10769,146300 10767,161800 10794,130600 10779,193700 10799,2664400 10788,189100 10761,161900 10767,362600 10746,164100 10793,115400 10741,133400 10774,126400 10797,107700 10764,147300 10814,130400 10755,120400 10793,126700 10786,144100 10793,124200 10733,98700 10780,145900 
